8 2 2 8 3 6
8 2 2 8 3 6
8 2 2 8 3 6
8 2 2 8 3 6
8 2 2 8 3 6
8 2 2 8 3 6
8 2 2 8 3 6
8 2 2 8 3 6
8 2 2 8 3 6
8 2 2 8 3 6
8 2 2 8 3 6
8 2 2 8 3 6
8 2 2 8 3 6
8 2 2 8 3 6
8 2 2 8 3 6
8 2 2 8 3 6
8 2 2 8 3 6
8 2 2 8 3 6
8 2 2 8 3 6
8 2 2 8 3 6
8 2 2 8 3 6
8 2 2 8 3 6
8 2 2 8 3 6
8 2 2 8 3 6
8 2 2 8 3 6
8 2 2 8 3 6
8 2 2 8 3 6
8 2 2 8 3 6
8 2 2 8 3 6
8 2 2 8 3 6
8 2 2 8 3 6
8 2 2 8 3 6
8 2 2 8 3 6
8 2 2 8 3 6
8 2 2 8 3 6
8 2 2 8 3 6
8 2 2 8 3 6
8 2 2 8 3 6
8 2 2 8 3 6
8 2 2 8 3 6
8 2 2 8 3 6
8 2 2 8 3 6
8 2 2 8 3 6
8 2 2 8 3 6
8 2 2 8 3 6
8 2 2 8 3 6
8 2 2 8 3 6
8 2 2 8 3 6
8 2 2 8 3 6
8 2 2 8 3 6
8 2 2 8 3 6
8 2 2 8 3 6
8 2 2 8 3 6
8 2 2 8 3 6
8 2 2 8 3 6
8 2 2 8 3 6
8 2 2 8 3 6
8 2 2 8 3 6
8 2 2 8 3 6
8 2 2 8 3 6
6 2 2 3 8 8